-0.002
-0.002
-0.014
-0.014
-0.014
-0.014
0.000
0.000
-0.036
-0.036
0.014
0.014
-0.026
-0.026
-0.026
-0.026
-0.017
-0.017
-0.007
-0.007
0.034
0.034
-0.019
-0.019
0.003
0.003
0.003
0.003
0.026
0.026
0.041
0.041
0.010
0.010
-0.021
-0.021
0.010
0.010
-0.021
-0.021
-0.002
-0.002
-0.021
-0.021
-0.002
-0.002
0.017
0.017
-0.012
-0.012
0.026
0.026
0.022
0.022
0.005
0.005
0.038
0.038
-0.009
-0.009
0.007
0.007
0.017
0.017
0.000
0.000
0.000
0.000
-0.038
-0.038
-0.005
-0.005
-0.005
0.003
0.003
-0.014
-0.014
0.019
0.019
0.014
0.014
-0.014
-0.014
0.014
0.014
0.038
0.038
-0.002
-0.002
-0.007
-0.007
0.005
0.005
-0.002
-0.002
-0.005
-0.005
0.000
0.000
0.010
0.010
-0.031
-0.031
0.005
0.005
-0.012
-0.012
0.029
0.029
-0.043
-0.043
-0.021
-0.021
-0.019
-0.019
-0.041
-0.041
-0.041
-0.041
-0.033
-0.033
0.012
0.012
0.003
0.003
0.003
0.003
0.017
0.017
-0.029
-0.029
0.041
0.041
0.022
0.022
-0.014
-0.014
-0.002
-0.002
0.019
0.019
0.007
0.007
0.017
0.017
-0.021
-0.021
-0.033
-0.033
0.007
0.007
0.003
0.003
0.010
0.010
-0.033
-0.033
-0.019
-0.019
-0.014
-0.014
-0.014
-0.014
-0.038
-0.038
-0.026
-0.026
0.022
0.022
0.022
0.034
0.034
-0.017
-0.017
0.026
0.026
-0.019
-0.019
-0.005
-0.005
0.005
0.005
0.000
0.000
0.012
0.012
0.024
0.024
0.007
0.007
0.024
0.024
0.038
0.038
-0.017
-0.017
-0.005
0.022
0.022
0.022
-0.031
-0.031
-0.005
-0.005
-0.031
-0.031
-0.009
-0.009
0.034
0.034
0.034
0.034
0.007
0.007
-0.036
-0.036
-0.033
-0.033
-0.029
-0.029
0.038
0.038
0.012
0.012
-0.012
-0.012
0.029
0.029
-0.005
-0.005
-0.050
-0.050
0.012
0.012
-0.029
-0.029
-0.007
-0.007
-0.005
-0.005
0.017
0.017
0.005
0.005
0.007
0.007
0.005
0.005
-0.031
-0.031
-0.024
-0.024
0.010
0.010
-0.005
-0.005
-0.050
-0.050
0.065
0.065
-0.002
-0.002
-0.024
-0.024
0.034
0.034
0.034
-0.009
-0.009
-0.017
-0.017
0.014
0.014
0.010
0.010
-0.014
-0.014
-0.005
-0.005
0.000
0.000
-0.007
-0.007
0.022
0.022
0.005
0.005
-0.007
-0.007
0.007
0.007
0.019
0.019
-0.012
-0.012
0.029
0.029
-0.029
-0.029
-0.029
-0.029
-0.014
-0.014
0.007
0.003
0.003
0.003
-0.021
-0.021
0.012
0.012
-0.029
-0.029
0.003
0.003
-0.002
-0.002
0.000
0.000
-0.002
-0.002
-0.026
-0.026
-0.014
-0.014
-0.031
-0.031
-0.029
-0.029
0.014
0.014
0.010
0.010
-0.021
-0.021
0.007
0.007
0.007
0.007
-0.026
-0.026
-0.014
-0.014
0.029
0.029
0.010
0.010
0.000
0.000
-0.007
-0.007
-0.021
-0.021
-0.005
-0.005
0.000
0.000
0.003
0.003
0.017
0.017
-0.002
-0.002
-0.002
-0.026
-0.026
-0.009
0.003
0.003
0.003
0.058
0.058
0.010
0.010
0.000
0.000
-0.043
-0.043
-0.005
-0.005
0.014
0.014
0.010
0.010
-0.021
-0.021
0.010
0.010
-0.007
-0.007
0.003
0.003
-0.021
-0.021
-0.012
-0.012
0.046
0.046
-0.014
-0.014
0.024
0.024
-0.031
-0.031
-0.014
-0.014
0.019
0.019
-0.029
-0.029
-0.012
-0.012
0.003
0.003
0.019
0.019
-0.038
-0.038
-0.017
-0.017
0.024
0.024
-0.002
-0.002
-0.005
-0.005
-0.002
-0.002
0.014
0.014
-0.007
-0.007
-0.002
-0.002
0.003
0.003
0.003
0.003
0.003
0.003
-0.045
-0.045
-0.019
-0.019
-0.009
-0.009
-0.007
-0.007
-0.021
-0.021
0.010
0.010
-0.012
-0.012
-0.019
-0.019
0.029
0.029
0.010
0.010
0.010
0.019
0.019
0.012
0.012
-0.005
-0.005
-0.038
-0.038
0.014
0.014
0.026
0.026
-0.024
-0.024
0.014
0.014
0.007
0.007
-0.005
-0.005
0.017
0.017
0.024
0.024
-0.009
-0.009
0.010
0.010
-0.026
-0.026
0.019
0.019
0.017
0.017
-0.009
-0.009
0.003
0.003
-0.009
-0.009
-0.005
-0.005
0.003
0.003
-0.024
-0.024
-0.012
-0.012
0.010
0.010
-0.012
-0.012
-0.014
-0.014
0.022
0.022
-0.026
-0.026
-0.009
-0.009
0.007
0.007
0.010
0.010
0.005
0.005
-0.007
-0.007
0.010
0.010
-0.019
-0.019
-0.026
-0.026
-0.007
-0.007
0.010
0.010
0.019
0.019
0.010
0.010
-0.012
-0.012
-0.009
-0.009
-0.026
-0.026
-0.031
-0.031
-0.021
-0.021
0.005
0.005
0.000
0.000
-0.012
-0.012
-0.012
-0.036
-0.036
-0.009
-0.009
0.010
0.010
-0.033
-0.033
0.007
0.007
-0.038
-0.038
-0.012
-0.012
-0.033
-0.033
-0.014
-0.014
-0.007
-0.007
-0.002
-0.002
0.017
0.017
-0.021
-0.021
0.019
0.019
-0.012
-0.012
-0.041
-0.041
0.031
0.031
-0.038
-0.038
-0.012
-0.012
-0.012
-0.012
-0.007
-0.007
-0.029
-0.029
-0.017
-0.017
-0.009
-0.009
-0.002
-0.002
-0.005
-0.005
0.017
0.017
0.000
0.000
-0.002
